2021.2.26	31,128 	6,718 	0 	22,796 	1,617 	2,839 	1,520 	25 	5,468 	3,556 	0 	0 	0 
2021.2.27	32,738 	6,831 	0 	23,934 	1,627 	3,259 	1,558 	27 	5,518 	3,619 	0 	0 	0 
2021.2.28	33,676 	6,895 	0 	24,519 	1,629 	3,592 	1,591 	27 	5,538 	3,648 	0 	0 	0 
2021.3.1	35,430 	7,022 	0 	25,772 	1,678 	3,985 	1,631 	30 	5,643 	3,683 	0 	0 	0 
2021.3.2	102,139 	7,168 	0 	91,633 	1,712 	4,736 	1,675 	32 	5,738 	3,749 	0 	0 	0 
2021.3.3	171,832 	7,351 	0 	159,922 	1,737 	6,076 	1,730 	36 	5,798 	3,848 	0 	0 	0 
2021.3.4	242,490 	7,722 	0 	229,168 	1,763 	7,387 	1,789 	41 	5,894 	4,129 	0 	0 	0 
2021.3.5	313,401 	7,974 	0 	298,311 	1,812 	8,910 	1,845 	46 	6,134 	4,271 	0 	0 	0 
2021.3.6	331,653 	8,054 	0 	316,378 	1,824 	9,025 	1,871 	58 	6,192 	4,301 	0 	0 	0 
2021.3.7	333,891 	8,105 	0 	318,491 	1,832 	9,105 	1,892 	68 	6,227 	4,313 	0 	0 	0 
2021.3.8	401,783 	8,256 	0 	384,834 	1,874 	10,432 	1,927 	83 	6,434 	4,372 	0 	0 	0 
2021.3.9	465,726 	8,496 	0 	446,201 	1,938 	12,747 	1,975 	94 	6,684 	4,489 	0 	0 	0 
2021.3.10	520,349 	8,880 	0 	495,376 	1,969 	17,858 	2,027 	332 	6,783 	4,552 	0 	0 	0 
2021.3.11	565,379 	9,334 	0 	532,794 	2,020 	25,177 	2,100 	517 	6,891 	4,697 	0 	0 	0 
2021.3.12	604,090 	9,690 	0 	564,714 	2,066 	31,630 	2,164 	702 	7,044 	4,758 	0 	0 	0 
2021.3.13	608,227 	9,809 	0 	568,094 	2,081 	32,297 	2,197 	739 	7,097 	4,792 	0 	0 	0 
2021.3.14	609,640 	9,877 	0 	569,281 	2,088 	32,460 	2,209 	770 	7,129 	4,810 	0 	0 	0 
2021.3.15	623,339 	10,871 	0 	581,268 	2,145 	33,237 	2,263 	1,617 	7,217 	4,846 	0 	0 	0 
2021.3.16	643,241 	11,700 	0 	593,563 	2,195 	40,080 	2,339 	2,253 	7,345 	4,913 	0 	0 	0 
2021.3.17	664,100 	12,413 	0 	603,499 	2,224 	50,292 	2,421 	2,812 	7,497 	4,956 	0 	0 	0 
2021.3.18	684,268 	13,028 	0 	613,944 	2,267 	59,529 	2,515 	3,142 	7,653 	5,104 	0 	0 	0 
2021.3.19	702,141 	13,738 	0 	624,735 	2,335 	65,949 	2,601 	3,645 	7,812 	5,157 	0 	0 	0 
2021.3.20	703,735 	14,177 	0 	625,059 	2,353 	67,107 	2,989 	3,658 	7,911 	5,177 	0 	0 	0 
2021.3.21	704,086 	14,543 	0 	625,172 	2,363 	67,280 	3,319 	3,674 	7,960 	5,187 	0 	0 	0 
2021.3.22	708,376 	15,094 	0 	628,953 	2,414 	67,554 	3,693 	3,784 	8,085 	5,203 	0 	0 	0 
2021.3.23	730,840 	16,119 	0 	650,859 	2,488 	67,794 	4,413 	3,965 	8,222 	5,253 	0 	0 	0 
2021.3.24	762,051 	17,529 	0 	681,543 	2,546 	68,099 	5,720 	3,984 	8,425 	5,279 	0 	0 	0 
2021.3.25	797,497 	19,180 	0 	716,161 	2,626 	68,431 	6,996 	4,240 	8,665 	5,318 	0 	0 	0 
2021.3.26	823,282 	21,024 	0 	741,145 	2,669 	68,805 	8,513 	4,478 	8,854 	5,364 	0 	0 	0 
2021.3.27	825,146 	21,213 	0 	742,616 	2,693 	69,049 	8,616 	4,495 	8,986 	5,409 	0 	0 	0 
2021.3.28	825,541 	21,325 	0 	742,785 	2,710 	69,202 	8,688 	4,501 	9,053 	5,426 	0 	0 	0 
2021.3.29	854,116 	22,511 	0 	770,909 	2,778 	69,502 	9,747 	4,513 	9,192 	5,473 	0 	0 	0 
2021.3.30	884,816 	24,942 	0 	801,037 	2,841 	69,864 	11,932 	4,537 	9,378 	5,632 	0 	0 	0 
2021.3.31	909,813 	30,052 	0 	825,384 	2,900 	70,296 	16,882 	4,571 	9,562 	5,699 	0 	0 	0 
2021.4.1	948,435 	37,696 	0 	844,088 	2,960 	89,901 	24,313 	4,641 	9,805 	5,782 	0 	0 	0 
2021.4.2	989,248 	45,056 	0 	863,661 	3,010 	110,435 	31,045 	5,150 	10,002 	5,851 	0 	0 	0 
2021.4.3	998,444 	45,840 	0 	866,205 	3,023 	116,919 	31,704 	5,203 	10,117 	5,910 	0 	0 	0 
2021.4.4	999,376 	46,023 	0 	866,326 	3,031 	117,643 	31,828 	5,227 	10,180 	5,937 	0 	0 	0 
2021.4.5	1,037,975 	47,511 	0 	880,956 	3,050 	140,468 	32,274 	6,195 	10,356 	5,992 	0 	0 	0 
2021.4.6	1,078,581 	54,564 	0 	897,519 	3,079 	163,498 	38,225 	6,984 	10,580 	6,276 	0 	0 	0 
2021.4.7	1,118,383 	65,359 	0 	914,517 	3,111 	184,923 	47,701 	8,180 	10,763 	6,367 	0 	0 	0 
2021.4.8	1,157,719 	76,704 	0 	922,002 	3,170 	215,416 	57,460 	9,358 	10,943 	6,716 	0 	0 	0 
2021.4.9	1,193,711 	85,899 	0 	926,399 	3,217 	245,437 	65,051 	10,732 	11,143 	6,899 	0 	0 	0 
2021.4.10	1,203,690 	87,786 	1 	927,085 	3,236 	254,048 	66,308 	11,289 	11,268 	6,953 	1 	0 	0 
2021.4.11	1,204,443 	88,030 	1 	927,151 	3,266 	254,621 	66,446 	11,333 	11,338 	6,985 	1 	0 	0 
2021.4.12	1,245,071 	89,992 	1 	934,813 	3,336 	285,839 	66,706 	12,882 	11,537 	7,068 	1 	0 	0 
2021.4.13	1,291,236 	91,344 	1 	948,102 	3,404 	317,612 	66,914 	13,843 	11,679 	7,183 	1 	0 	0 
2021.4.14	1,338,644 	91,853 	1 	963,222 	3,473 	349,717 	67,172 	13,850 	11,855 	7,358 	1 	0 	0 
2021.4.15	1,433,412 	92,333 	1 	983,640 	3,526 	423,874 	67,450 	13,854 	12,044 	7,503 	1 	0 	0 
2021.4.16	1,537,910 	93,088 	1 	1,010,741 	3,776 	501,026 	67,796 	13,870 	12,273 	7,646 	1 	0 	0 
2021.4.17	1,568,109 	93,475 	1 	1,012,189 	3,811 	529,632 	68,054 	13,874 	12,414 	7,736 	1 	0 	0 
2021.4.18	1,573,393 	93,672 	1 	1,012,254 	3,823 	534,775 	68,197 	13,876 	12,488 	7,776 	1 	0 	0 
2021.4.19	1,697,248 	94,124 	1 	1,056,522 	3,901 	614,225 	68,459 	13,878 	12,623 	7,886 	1 	0 	0 
2021.4.20	1,829,545 	94,679 	1 	1,105,856 	3,998 	697,009 	68,770 	13,880 	12,800 	8,031 	1 	0 	0 
2021.4.21	1,963,353 	95,440 	1 	1,154,438 	4,122 	782,002 	69,192 	13,900 	13,013 	8,226 	1 	0 	0 
2021.4.22	2,096,312 	114,748 	1 	1,208,376 	4,225 	860,819 	88,151 	13,902 	13,215 	8,470 	1 	0 	0 
2021.4.23	2,257,473 	135,105 	1 	1,291,913 	4,345 	938,249 	108,186 	13,913 	13,398 	8,661 	1 	0 	0 
2021.4.24	2,323,229 	141,355 	1 	1,326,209 	4,395 	969,617 	114,262 	13,915 	13,488 	8,783 	1 	0 	0 
2021.4.25	2,329,971 	142,001 	1 	1,327,524 	4,458 	975,008 	114,778 	13,919 	13,520 	8,846 	1 	0 	0 
2021.4.26	2,473,500 	164,184 	1 	1,385,155 	4,563 	1,060,798 	136,726 	13,931 	13,616 	8,964 	1 	0 	0 
2021.4.27	2,651,260 	186,718 	1 	1,458,744 	4,673 	1,164,818 	158,946 	13,956 	13,742 	9,143 	1 	0 	0 
2021.4.28	2,884,194 	207,937 	1 	1,559,430 	4,788 	1,296,947 	179,827 	13,975 	13,842 	9,347 	1 	0 	0 
2021.4.29	3,147,323 	238,895 	1 	1,680,816 	4,975 	1,438,563 	210,319 	14,013 	13,931 	9,588 	1 	0 	0 
2021.4.30	3,426,236 	270,483 	2 	1,823,032 	5,267 	1,574,184 	240,442 	14,984 	14,036 	9,790 	2 	0 	0 
2021.5.1	3,467,036 	278,854 	2 	1,847,265 	5,342 	1,590,567 	248,523 	15,096 	14,108 	9,893 	2 	0 	0 
2021.5.2	3,469,030 	279,568 	2 	1,847,713 	5,450 	1,592,040 	249,052 	15,112 	14,165 	9,954 	2 	0 	0 
2021.5.3	3,556,407 	311,485 	2 	1,898,698 	5,597 	1,627,648 	279,985 	15,821 	14,240 	10,082 	2 	0 	0 
2021.5.4	3,632,535 	344,028 	2 	1,943,276 	5,794 	1,658,504 	311,523 	16,428 	14,327 	10,283 	2 	0 	0 
2021.5.5	3,638,891 	370,164 	2 	1,944,051 	5,869 	1,663,625 	337,273 	16,555 	14,660 	10,467 	2 	0 	0 
2021.5.6	3,697,771 	445,042 	2 	1,991,254 	6,042 	1,674,706 	411,285 	17,073 	14,738 	10,642 	2 	0 	0 
2021.5.7	3,747,011 	523,299 	2 	2,030,051 	6,391 	1,684,582 	488,521 	17,555 	14,823 	10,832 	2 	0 	0 
2021.5.8	3,759,855 	551,616 	2 	2,039,615 	6,526 	1,687,708 	516,556 	17,580 	14,952 	10,954 	2 	0 	0 
2021.5.9	3,760,321 	556,762 	2 	2,039,757 	6,612 	1,687,957 	521,547 	17,597 	15,010 	11,006 	2 	0 	0 
2021.5.10	3,775,018 	635,500 	2 	2,047,085 	6,834 	1,694,776 	599,453 	18,030 	15,127 	11,183 	2 	0 	0 
2021.5.11	3,784,718 	717,326 	2 	2,051,454 	7,096 	1,699,614 	680,484 	18,400 	15,250 	11,346 	2 	0 	0 
2021.5.12	3,791,990 	801,174 	2 	2,054,994 	7,462 	1,702,872 	763,617 	18,589 	15,535 	11,506 	2 	0 	0 
2021.5.13	3,801,914 	880,334 	2 	2,058,723 	8,077 	1,708,607 	841,632 	18,953 	15,631 	11,672 	2 	0 	0 
2021.5.14	3,814,180 	961,688 	2 	2,062,351 	12,349 	1,716,753 	918,138 	19,318 	15,758 	11,883 	2 	0 	0 
2021.5.15	3,816,306 	992,459 	3 	2,062,625 	13,028 	1,718,465 	948,056 	19,359 	15,857 	12,016 	3 	0 	0 
2021.5.16	3,817,038 	997,848 	3 	2,062,853 	13,139 	1,718,850 	953,248 	19,377 	15,958 	12,084 	3 	0 	0 
2021.5.17	3,831,414 	1,099,087 	3 	2,065,958 	29,423 	1,729,862 	1,037,905 	19,560 	16,034 	12,199 	3 	0 	0 
2021.5.18	3,844,883 	1,241,661 	3 	2,069,542 	69,841 	1,739,514 	1,139,791 	19,685 	16,142 	12,344 	3 	0 	0 
2021.5.19	3,847,679 	1,335,363 	3 	2,069,893 	70,828 	1,741,783 	1,232,283 	19,726 	16,277 	12,526 	3 	0 	0 
2021.5.20	3,861,129 	1,547,505 	3 	2,074,949 	137,526 	1,749,899 	1,377,395 	19,898 	16,383 	12,686 	3 	0 	0 
2021.5.21	3,876,856 	1,774,032 	3 	2,080,616 	224,860 	1,759,534 	1,516,115 	20,210 	16,496 	12,847 	3 	0 	0 
2021.5.22	3,882,665 	1,810,336 	3 	2,081,369 	241,237 	1,764,463 	1,535,897 	20,259 	16,574 	12,943 	3 	0 	0 
2021.5.23	3,883,323 	1,813,300 	3 	2,081,431 	241,597 	1,764,975 	1,538,454 	20,267 	16,650 	12,982 	3 	0 	0 
2021.5.24	3,956,016 	1,918,914 	3 	2,085,448 	300,054 	1,833,392 	1,585,356 	20,438 	16,738 	13,066 	3 	0 	0 
2021.5.25	4,035,319 	2,013,127 	3 	2,090,255 	358,631 	1,907,615 	1,620,704 	20,623 	16,826 	13,169 	3 	0 	0 
2021.5.26	4,124,062 	2,081,463 	3 	2,094,349 	412,387 	1,992,004 	1,635,079 	20,749 	16,960 	13,248 	3 	0 	0 
2021.5.27	4,787,201 	2,137,479 	3 	2,674,532 	455,903 	2,074,534 	1,647,155 	21,077 	17,058 	13,344 	3 	0 	0 
2021.5.28	5,333,272 	2,203,244 	3 	3,143,396 	509,652 	2,151,528 	1,659,011 	21,134 	17,214 	13,447 	3 	0 	0 
2021.5.29	5,498,731 	2,212,501 	3 	3,292,930 	516,108 	2,167,330 	1,661,729 	21,168 	17,303 	13,496 	3 	0 	0 
2021.5.30	5,504,116 	2,212,857 	3 	3,297,197 	516,296 	2,168,379 	1,661,847 	21,183 	17,357 	13,531 	3 	0 	0 
2021.5.31	5,891,826 	2,240,540 	3 	3,582,624 	535,461 	2,270,570 	1,670,302 	21,221 	17,411 	13,556 	3 	0 	0 
2021.6.1	6,460,820 	2,267,677 	3 	4,043,473 	556,681 	2,378,315 	1,676,016 	21,328 	17,704 	13,652 	3 	0 	0 
2021.6.2	6,845,007 	2,291,059 	3 	4,321,533 	576,238 	2,484,265 	1,679,680 	21,424 	17,785 	13,717 	3 	0 	0 
2021.6.3	7,190,277 	2,317,625 	3 	4,571,815 	596,852 	2,578,856 	1,685,256 	21,496 	18,110 	14,021 	3 	0 	0 
2021.6.4	7,560,651 	2,348,392 	3 	4,857,400 	620,180 	2,663,380 	1,692,435 	21,684 	18,187 	14,093 	3 	0 	0 
2021.6.5	7,701,490 	2,351,354 	3 	4,974,510 	621,507 	2,687,016 	1,693,937 	21,721 	18,243 	14,189 	3 	0 	0 
2021.6.6	7,704,945 	2,351,703 	3 	4,976,874 	621,618 	2,688,070 	1,694,133 	21,741 	18,260 	14,211 	3 	0 	0 
2021.6.7	8,600,777 	2,373,078 	3 	5,729,340 	631,101 	2,831,260 	1,705,846 	21,851 	18,326 	14,280 	3 	0 	0 
2021.6.8	9,348,493 	2,399,727 	3 	6,340,798 	647,873 	2,967,229 	1,715,577 	21,938 	18,528 	14,339 	3 	0 	0 
2021.6.9	9,943,721 	2,425,060 	3 	6,808,711 	669,866 	3,094,321 	1,718,734 	22,065 	18,624 	14,395 	3 	0 	0 
2021.6.10	10,712,550 	2,714,479 	4 	7,217,351 	698,022 	3,201,136 	1,726,588 	275,239 	18,824 	14,630 	4 	0 	0 
2021.6.11	11,541,035 	2,953,278 	4 	7,745,112 	724,412 	3,299,206 	1,736,329 	477,819 	18,898 	14,718 	4 	0 	0 
2021.6.12	11,930,846 	3,073,220 	4 	8,002,715 	725,547 	3,317,057 	1,740,790 	592,115 	18,959 	14,768 	4 	0 	0 
2021.6.13	11,959,084 	3,085,740 	5 	8,018,227 	725,834 	3,317,962 	1,741,185 	603,911 	18,984 	14,810 	5 	0 	0 
2021.6.14	12,729,865 	3,345,787 	5 	8,578,568 	746,875 	3,355,822 	1,807,620 	776,416 	19,059 	14,876 	5 	0 	0 
2021.6.15	13,378,312 	3,556,267 	5 	9,062,977 	771,648 	3,406,949 	1,880,448 	889,217 	19,169 	14,954 	5 	0 	0 
2021.6.16	13,947,977 	3,840,569 	5 	9,407,305 	794,990 	3,453,958 	1,963,079 	1,067,489 	19,225 	15,011 	5 	0 	0 
2021.6.17	14,392,384 	3,971,452 	6 	9,770,634 	817,535 	3,508,617 	2,045,034 	1,093,769 	19,364 	15,114 	6 	0 	0 
2021.6.18	14,930,868 	4,100,782 	7 	10,215,100 	839,399 	3,570,989 	2,121,077 	1,125,097 	19,682 	15,209 	7 	0 	0 
2021.6.19	15,147,908 	4,137,623 	7 	10,403,584 	841,547 	3,580,375 	2,136,597 	1,144,213 	19,736 	15,266 	7 	0 	0 
2021.6.20	15,148,993 	4,139,302 	7 	10,403,687 	841,790 	3,580,869 	2,137,555 	1,144,647 	19,790 	15,310 	7 	0 	0 
2021.6.21	15,197,400 	4,258,155 	7 	10,406,505 	857,046 	3,622,040 	2,237,303 	1,148,380 	20,475 	15,426 	7 	0 	0 
2021.6.22	15,247,166 	4,385,048 	7 	10,409,848 	875,105 	3,664,457 	2,343,038 	1,151,334 	21,527 	15,571 	7 	0 	0 
2021.6.23	15,292,258 	4,506,735 	7 	10,412,730 	891,424 	3,702,145 	2,446,787 	1,152,815 	24,568 	15,709 	7 	0 	0 
2021.6.24	15,338,857 	4,615,861 	8 	10,415,763 	905,448 	3,741,495 	2,540,914 	1,153,612 	27,987 	15,887 	8 	0 	0 
2021.6.25	15,403,823 	4,714,018 	8 	10,418,921 	919,007 	3,792,869 	2,624,676 	1,154,230 	37,803 	16,105 	8 	0 	0 
2021.6.26	15,415,726 	4,738,413 	8 	10,419,095 	919,861 	3,803,621 	2,647,967 	1,154,373 	38,637 	16,212 	8 	0 	0 
2021.6.27	15,416,181 	4,739,742 	8 	10,419,173 	920,096 	3,803,911 	2,648,919 	1,154,408 	38,689 	16,319 	8 	0 	0 
2021.6.28	15,430,375 	4,885,653 	8 	10,420,495 	928,904 	3,811,316 	2,784,963 	1,155,324 	43,240 	16,462 	8 	0 	0 
2021.6.29	15,448,221 	5,032,129 	8 	10,422,343 	941,376 	3,818,015 	2,917,563 	1,156,407 	51,456 	16,783 	8 	0 	0 
2021.6.30	15,464,086 	5,170,699 	8 	10,423,712 	954,039 	3,825,705 	3,042,058 	1,157,652 	57,017 	16,950 	8 	0 	0 
2021.7.1	15,469,764 	5,293,008 	9 	10,424,864 	970,535 	3,827,917 	3,146,343 	1,158,835 	58,148 	17,295 	9 	0 	0 
2021.7.2	15,476,115 	5,415,621 	9 	10,425,947 	993,282 	3,830,378 	3,244,894 	1,160,022 	59,768 	17,423 	9 	0 	0 
2021.7.3	15,478,380 	5,433,476 	9 	10,426,178 	994,122 	3,831,003 	3,261,372 	1,160,462 	60,737 	17,520 	9 	0 	0 
2021.7.4	15,478,886 	5,434,441 	9 	10,426,323 	994,154 	3,831,288 	3,262,235 	1,160,478 	60,797 	17,574 	9 	0 	0 
2021.7.5	15,534,550 	5,511,834 	9 	10,427,009 	1,031,480 	3,883,003 	3,302,180 	1,160,506 	64,032 	17,668 	9 	0 	0 
2021.7.6	15,574,107 	5,603,754 	9 	10,427,836 	1,074,163 	3,917,216 	3,351,098 	1,160,571 	68,484 	17,922 	9 	0 	0 
2021.7.7	15,610,629 	5,693,861 	9 	10,428,600 	1,117,519 	3,948,713 	3,397,604 	1,160,672 	72,644 	18,066 	9 	0 	0 
2021.7.8	15,649,768 	5,801,225 	10 	10,429,328 	1,169,804 	3,982,065 	3,452,357 	1,160,754 	77,621 	18,310 	10 	0 	0 
2021.7.9	15,709,205 	5,950,983 	10 	10,430,051 	1,254,315 	4,033,906 	3,517,365 	1,160,843 	84,405 	18,460 	10 	0 	0 
2021.7.10	15,722,717 	5,991,039 	12 	10,430,219 	1,285,954 	4,047,094 	3,525,620 	1,160,889 	84,515 	18,576 	12 	0 	0 
2021.7.11	15,723,675 	5,992,544 	13 	10,430,354 	1,286,937 	4,047,826 	3,526,075 	1,160,904 	84,591 	18,628 	13 	0 	0 
2021.7.12	15,755,829 	6,087,176 	13 	10,430,709 	1,340,777 	4,079,400 	3,566,698 	1,160,952 	84,768 	18,749 	13 	0 	0 
2021.7.13	15,864,786 	6,198,242 	13 	10,431,131 	1,408,720 	4,187,546 	3,609,624 	1,161,015 	85,094 	18,883 	13 	0 	0 
2021.7.14	15,977,757 	6,321,586 	15 	10,431,658 	1,493,204 	4,299,107 	3,648,323 	1,161,080 	85,912 	18,979 	14 	1 	0 
2021.7.15	16,101,655 	6,465,294 	17 	10,432,129 	1,596,306 	4,422,324 	3,688,706 	1,161,153 	86,049 	19,129 	16 	1 	0 
2021.7.16	16,237,261 	6,650,744 	17 	10,432,515 	1,723,734 	4,557,336 	3,746,335 	1,161,238 	86,172 	19,437 	16 	1 	0 
2021.7.17	16,272,320 	6,688,204 	19 	10,432,683 	1,750,921 	4,592,110 	3,756,488 	1,161,275 	86,252 	19,520 	18 	1 	0 
2021.7.18	16,275,090 	6,689,209 	19 	10,432,816 	1,751,447 	4,594,690 	3,756,891 	1,161,286 	86,298 	19,585 	18 	1 	0 
2021.7.19	16,435,911 	6,761,630 	19 	10,433,086 	1,812,906 	4,755,079 	3,767,184 	1,161,367 	86,379 	20,173 	18 	1 	0 
2021.7.20	16,587,295 	6,824,041 	19 	10,433,477 	1,866,251 	4,905,783 	3,775,131 	1,161,425 	86,610 	21,234 	18 	1 	0 
2021.7.21	16,727,605 	6,864,618 	19 	10,433,835 	1,895,029 	5,045,583 	3,784,233 	1,161,492 	86,695 	23,864 	18 	1 	0 
2021.7.22	16,868,830 	6,925,395 	19 	10,434,266 	1,950,398 	5,186,257 	3,787,617 	1,161,528 	86,779 	25,852 	18 	1 	0 
2021.7.23	17,016,107 	6,986,372 	20 	10,434,524 	1,998,128 	5,333,130 	3,791,881 	1,161,593 	86,860 	34,770 	19 	1 	0 
2021.7.24	17,045,845 	6,998,268 	21 	10,434,646 	2,008,320 	5,362,640 	3,792,736 	1,161,635 	86,924 	35,577 	20 	1 	0 
2021.7.25	17,047,741 	6,998,852 	21 	10,434,725 	2,008,548 	5,364,389 	3,793,011 	1,161,655 	86,972 	35,638 	20 	1 	0 
2021.7.26	17,667,769 	7,064,884 	22 	10,434,918 	2,021,615 	5,708,103 	3,840,905 	1,161,820 	362,928 	40,544 	20 	2 	0 
2021.7.27	18,050,550 	7,114,500 	23 	10,435,207 	2,030,669 	5,947,980 	3,873,914 	1,161,888 	505,475 	48,029 	20 	3 	0 
2021.7.28	18,531,429 	7,158,059 	24 	10,435,411 	2,037,200 	6,335,875 	3,904,563 	1,161,942 	598,201 	54,354 	20 	4 	0 
2021.7.29	18,879,845 	7,202,361 	26 	10,435,622 	2,046,882 	6,598,654 	3,937,127 	1,161,999 	683,570 	56,353 	21 	5 	0 
2021.7.30	19,377,736 	7,263,617 	26 	10,435,920 	2,054,014 	6,974,291 	3,988,906 	1,162,051 	805,474 	58,646 	21 	5 	0 
2021.7.31	19,593,859 	7,277,781 	26 	10,436,030 	2,054,650 	7,121,435 	4,001,424 	1,162,075 	874,319 	59,632 	21 	5 	0 
2021.8.1	19,622,141 	7,278,792 	29 	10,436,089 	2,054,794 	7,141,289 	4,002,218 	1,162,086 	882,677 	59,694 	24 	5 	0 
2021.8.2	20,099,890 	7,315,986 	29 	10,437,716 	2,057,826 	7,603,108 	4,033,526 	1,162,153 	896,913 	62,481 	24 	5 	0 
2021.8.3	20,321,221 	7,424,120 	32 	10,440,109 	2,062,023 	7,814,615 	4,133,564 	1,162,197 	904,300 	66,336 	27 	5 	0 
2021.8.4	20,488,286 	7,535,219 	35 	10,442,751 	2,065,290 	7,973,876 	4,237,195 	1,162,275 	909,384 	70,459 	30 	5 	0 
2021.8.5	20,682,842 	7,663,075 	35 	10,456,223 	2,071,684 	8,149,782 	4,353,555 	1,162,318 	914,519 	75,518 	30 	5 	0 
2021.8.6	20,940,099 	7,819,970 	36 	10,467,633 	2,080,356 	8,387,944 	4,494,041 	1,162,357 	922,165 	83,216 	31 	5 	0 
2021.8.7	21,062,434 	7,856,486 	36 	10,468,317 	2,082,705 	8,506,431 	4,527,798 	1,162,385 	925,301 	83,598 	31 	5 	0 
2021.8.8	21,090,518 	7,859,171 	38 	10,468,927 	2,082,857 	8,533,578 	4,530,245 	1,162,394 	925,619 	83,675 	33 	5 	0 
2021.8.9	21,528,447 	8,033,918 	39 	10,531,734 	2,101,184 	8,894,006 	4,686,102 	1,162,425 	940,282 	84,207 	34 	5 	0 
2021.8.10	21,793,043 	8,204,154 	43 	10,570,582 	2,124,968 	9,110,297 	4,832,041 	1,162,472 	949,692 	84,673 	37 	6 	0 
2021.8.11	21,972,216 	8,368,341 	49 	10,599,766 	2,151,185 	9,253,524 	4,969,224 	1,162,498 	956,428 	85,434 	42 	7 	0 
2021.8.12	22,142,128 	9,076,171 	55 	10,636,543 	2,722,218 	9,382,215 	5,105,842 	1,162,520 	960,850 	85,591 	46 	9 	0 
2021.8.13	22,386,780 	9,697,995 	57 	10,676,062 	3,197,326 	9,580,063 	5,252,371 	1,162,563 	968,092 	85,735 	47 	10 	0 
2021.8.14	22,530,515 	9,881,084 	65 	10,692,822 	3,351,313 	9,703,802 	5,281,379 	1,162,579 	971,312 	85,813 	50 	14 	1 
2021.8.15	22,549,266 	9,886,954 	74 	10,693,640 	3,355,432 	9,721,639 	5,283,078 	1,162,591 	971,396 	85,853 	57 	16 	1 
2021.8.16	23,222,110 	10,144,202 	78 	10,706,366 	3,596,036 	10,067,809 	5,299,570 	1,162,623 	1,285,312 	85,973 	61 	16 	1 
2021.8.17	23,948,451 	10,641,198 	88 	10,738,003 	4,058,263 	10,497,696 	5,334,097 	1,162,646 	1,550,106 	86,192 	69 	18 	1 
2021.8.18	24,473,431 	10,961,854 	100 	10,772,313 	4,354,534 	10,813,659 	5,358,293 	1,162,681 	1,724,778 	86,346 	77 	22 	1 
2021.8.19	24,979,411 	11,256,265 	111 	10,806,331 	4,627,383 	11,106,426 	5,379,678 	1,162,710 	1,903,944 	86,494 	84 	26 	1 
2021.8.20	25,671,472 	11,590,260 	117 	10,846,460 	4,938,185 	11,503,982 	5,402,676 	1,162,734 	2,158,296 	86,665 	88 	28 	1 
2021.8.21	26,036,965 	11,714,424 	130 	10,862,025 	5,061,056 	11,702,556 	5,403,858 	1,162,748 	2,309,636 	86,762 	101 	28 	1 
2021.8.22	26,077,384 	11,716,970 	137 	10,862,720 	5,063,361 	11,729,152 	5,404,043 	1,162,754 	2,322,758 	86,812 	106 	30 	1 
2021.8.23	26,466,046 	12,437,029 	147 	10,902,447 	5,771,120 	12,065,204 	5,411,278 	1,167,233 	2,331,162 	87,398 	113 	33 	1 
2021.8.24	26,872,251 	13,042,471 	161 	10,940,017 	6,359,657 	12,414,587 	5,418,236 	1,176,597 	2,341,050 	87,981 	122 	38 	1 
2021.8.25	27,250,970 	13,521,378 	166 	10,980,327 	6,814,199 	12,732,245 	5,430,495 	1,188,032 	2,350,366 	88,652 	126 	39 	1 
2021.8.26	27,905,440 	13,948,388 	173 	11,000,859 	7,216,554 	13,346,889 	5,444,530 	1,197,902 	2,359,790 	89,402 	132 	40 	1 
2021.8.27	28,508,767 	14,499,706 	185 	11,020,997 	7,738,765 	13,912,627 	5,465,825 	1,204,971 	2,370,172 	90,145 	142 	42 	1 
2021.8.28	28,785,409 	14,755,663 	200 	11,029,341 	7,985,469 	14,170,350 	5,468,590 	1,211,071 	2,374,647 	90,533 	153 	46 	1 
2021.8.29	28,801,743 	14,771,766 	210 	11,030,055 	7,999,088 	14,183,641 	5,468,803 	1,213,281 	2,374,766 	90,594 	161 	48 	1 
2021.8.30	29,191,832 	15,372,190 	220 	11,047,067 	8,536,473 	14,535,570 	5,514,783 	1,223,059 	2,386,136 	97,875 	168 	51 	1 
2021.8.31	29,439,869 	15,902,983 	232 	11,062,177 	8,997,815 	14,742,498 	5,561,385 	1,238,684 	2,396,510 	105,099 	179 	52 	1 
2021.9.1	29,618,750 	16,438,463 	246 	11,074,222 	9,326,748 	14,881,224 	5,743,034 	1,255,912 	2,407,392 	112,769 	193 	52 	1 
2021.9.2	29,805,319 	16,938,996 	268 	11,085,701 	9,673,807 	15,026,531 	5,869,362 	1,274,306 	2,418,781 	121,521 	209 	58 	1 
2021.9.3	30,039,071 	17,638,713 	287 	11,098,174 	10,100,831 	15,216,655 	6,110,565 	1,291,139 	2,433,103 	136,178 	223 	63 	1 
2021.9.4	30,158,033 	17,899,853 	290 	11,102,236 	10,278,816 	15,312,376 	6,175,437 	1,300,153 	2,443,268 	145,447 	226 	63 	1 
2021.9.5	30,166,688 	17,908,243 	292 	11,102,385 	10,279,069 	15,317,430 	6,180,149 	1,302,733 	2,444,140 	146,292 	228 	63 	1 
2021.9.6	30,910,905 	18,543,388 	297 	11,106,479 	10,292,074 	15,989,302 	6,530,112 	1,312,052 	2,503,072 	409,150 	233 	63 	1 
2021.9.7	31,485,813 	18,964,954 	313 	11,109,894 	10,303,933 	16,504,026 	6,792,624 	1,323,730 	2,548,163 	544,667 	245 	67 	1 
2021.9.8	31,872,050 	19,272,486 	325 	11,112,410 	10,312,148 	16,835,716 	6,994,360 	1,336,006 	2,587,918 	629,972 	251 	73 	1 
2021.9.9	32,312,331 	19,564,920 	340 	11,114,522 	10,320,002 	17,209,487 	7,189,492 	1,347,653 	2,640,669 	707,773 	263 	76 	1 
2021.9.10	32,965,589 	19,983,032 	348 	11,116,720 	10,329,161 	17,747,549 	7,477,855 	1,358,443 	2,742,877 	817,573 	269 	78 	1 
2021.9.11	33,294,254 	20,195,646 	350 	11,117,319 	10,331,162 	18,001,961 	7,620,525 	1,368,219 	2,806,755 	875,740 	271 	78 	1 
2021.9.12	33,316,181 	20,221,409 	352 	11,117,384 	10,331,240 	18,016,867 	7,637,480 	1,371,165 	2,810,765 	881,524 	272 	79 	1 
2021.9.13	34,144,438 	20,644,835 	363 	11,118,130 	10,333,602 	18,450,821 	8,035,658 	1,378,496 	3,196,991 	897,079 	281 	81 	1 
2021.9.14	34,746,831 	20,869,863 	386 	11,118,614 	10,336,376 	18,788,393 	8,237,825 	1,388,787 	3,451,037 	906,875 	298 	87 	1 
2021.9.15	35,123,293 	21,310,394 	404 	11,118,964 	10,338,728 	19,011,044 	8,647,137 	1,398,916 	3,594,369 	925,613 	313 	90 	1 
2021.9.16	35,554,155 	21,624,622 	417 	11,119,255 	10,341,293 	19,258,331 	8,932,713 	1,408,916 	3,767,653 	941,700 	325 	90 	2 
2021.9.17	36,215,391 	22,069,842 	425 	11,119,915 	10,347,709 	19,606,771 	9,301,921 	1,420,624 	4,068,081 	999,588 	330 	93 	2 
2021.9.18	36,608,023 	22,260,462 	432 	11,120,114 	10,350,415 	19,788,733 	9,457,892 	1,425,526 	4,273,650 	1,026,629 	336 	94 	2 
2021.9.19	36,629,389 	22,286,578 	440 	11,120,147 	10,350,692 	19,799,609 	9,481,918 	1,425,728 	4,283,905 	1,028,240 	340 	98 	2 
2021.9.20	36,659,485 	22,300,731 	450 	11,120,175 	10,350,975 	19,810,905 	9,493,330 	1,425,759 	4,302,646 	1,030,667 	348 	100 	2 
2021.9.21	36,666,106 	22,305,177 	461 	11,120,194 	10,351,188 	19,813,744 	9,496,882 	1,425,770 	4,306,398 	1,031,337 	355 	104 	2 
2021.9.22	36,693,764 	22,321,355 	477 	11,120,242 	10,351,791 	19,826,176 	9,509,313 	1,425,896 	4,321,450 	1,034,355 	368 	107 	2 
2021.9.23	37,255,968 	22,698,728 	493 	11,120,751 	10,359,385 	20,086,760 	9,797,426 	1,430,843 	4,617,614 	1,111,074 	379 	112 	2 
2021.9.24	37,873,406 	23,114,342 	505 	11,121,310 	10,368,478 	20,373,005 	10,126,402 	1,435,408 	4,943,683 	1,184,054 	390 	113 	2 
2021.9.25	38,186,843 	23,330,257 	524 	11,121,385 	10,372,751 	20,506,418 	10,303,210 	1,436,318 	5,122,722 	1,217,978 	406 	116 	2 
2021.9.26	38,213,367 	23,354,272 	535 	11,121,406 	10,373,232 	20,518,725 	10,324,396 	1,437,063 	5,136,173 	1,219,581 	417 	116 	2 
2021.9.27	38,630,961 	24,067,024 	562 	11,121,757 	10,380,309 	20,725,427 	10,752,041 	1,440,927 	5,342,850 	1,493,747 	443 	117 	2 
2021.9.28	38,888,706 	24,758,004 	591 	11,122,108 	10,388,902 	20,842,418 	11,209,240 	1,444,333 	5,479,847 	1,715,529 	470 	119 	2 
2021.9.29	39,120,590 	25,285,384 	623 	11,122,618 	10,398,851 	20,949,132 	11,578,275 	1,448,682 	5,600,158 	1,859,576 	500 	120 	3 
2021.9.30	39,465,231 	25,828,088 	641 	11,123,248 	10,418,874 	21,111,014 	11,956,412 	1,452,264 	5,778,705 	2,000,538 	515 	123 	3 
2021.10.1	39,702,336 	26,690,395 	677 	11,123,806 	10,461,337 	21,203,866 	12,568,364 	1,454,931 	5,919,733 	2,205,763 	545 	127 	5 
2021.10.2	39,827,177 	27,097,963 	686 	11,123,868 	10,467,615 	21,250,715 	12,852,847 	1,456,877 	5,995,717 	2,320,624 	554 	127 	5 
2021.10.3	39,830,649 	27,131,493 	704 	11,123,891 	10,468,058 	21,251,512 	12,877,518 	1,456,972 	5,998,274 	2,328,945 	569 	130 	5 
2021.10.4	39,856,275 	27,341,877 	747 	11,124,111 	10,491,369 	21,257,768 	13,055,449 	1,457,210 	6,017,186 	2,337,849 	604 	138 	5 
2021.10.5	39,901,676 	28,109,256 	780 	11,124,889 	10,552,652 	21,270,580 	13,729,067 	1,460,011 	6,046,196 	2,367,526 	633 	141 	6 
2021.10.6	39,939,006 	28,621,230 	807 	11,125,650 	10,590,485 	21,283,147 	14,176,879 	1,462,826 	6,067,383 	2,391,040 	660 	141 	6 
2021.10.7	39,976,133 	29,333,178 	836 	11,126,287 	10,633,146 	21,296,809 	14,815,192 	1,465,287 	6,087,750 	2,419,553 	688 	142 	6 
2021.10.8	40,021,443 	30,433,329 	877 	11,127,069 	10,690,938 	21,313,282 	15,781,859 	1,467,509 	6,113,583 	2,493,023 	723 	146 	8 
2021.10.9	40,032,345 	30,537,478 	924 	11,127,226 	10,695,105 	21,315,294 	15,870,772 	1,467,937 	6,121,888 	2,503,664 	757 	158 	9 
2021.10.10	40,035,117 	30,555,696 	934 	11,127,259 	10,696,568 	21,315,867 	15,885,425 	1,468,219 	6,123,772 	2,505,484 	767 	158 	9 
2021.10.11	40,128,909 	30,722,139 	958 	11,127,458 	10,705,963 	21,324,762 	15,981,340 	1,468,371 	6,208,318 	2,566,465 	791 	158 	9 
2021.10.12	40,235,776 	31,324,045 	1,719 	11,127,939 	10,739,220 	21,343,786 	16,436,400 	1,470,427 	6,293,624 	2,677,998 	1,505 	204 	10 
2021.10.13	40,293,633 	31,736,329 	3,119 	11,128,447 	10,768,555 	21,361,644 	16,739,719 	1,472,510 	6,331,032 	2,755,545 	2,886 	223 	10 
2021.10.14	40,348,732 	32,194,785 	4,860 	11,128,899 	10,796,143 	21,380,076 	17,081,692 	1,473,964 	6,365,793 	2,842,986 	4,618 	232 	10 
2021.10.15	40,438,451 	32,916,381 	7,180 	11,129,442 	10,832,331 	21,403,005 	17,591,294 	1,476,036 	6,429,968 	3,016,720 	6,921 	249 	10 
2021.10.16	40,502,907 	33,271,959 	7,306 	11,129,587 	10,847,393 	21,414,103 	17,825,490 	1,476,859 	6,482,358 	3,122,217 	7,045 	251 	10 
2021.10.17	40,504,836 	33,291,809 	7,322 	11,129,598 	10,847,868 	21,415,079 	17,838,962 	1,477,359 	6,482,800 	3,127,620 	7,061 	251 	10 
2021.10.18	40,576,788 	33,923,001 	8,814 	11,130,022 	10,871,116 	21,474,790 	18,228,502 	1,478,665 	6,493,311 	3,344,718 	8,548 	256 	10 
2021.10.19	40,614,269 	34,370,745 	10,904 	11,130,448 	10,893,299 	21,504,016 	18,513,659 	1,479,860 	6,499,945 	3,483,927 	10,629 	262 	13 
2021.10.20	40,683,386 	34,695,529 	15,224 	11,130,869 	10,922,655 	21,565,658 	18,720,009 	1,481,202 	6,505,657 	3,571,663 	14,942 	268 	14 
2021.10.21	40,743,264 	35,104,822 	21,103 	11,131,164 	10,936,003 	21,618,715 	18,981,709 	1,482,168 	6,511,217 	3,704,942 	20,812 	277 	14 
2021.10.22	40,809,453 	35,739,263 	27,287 	11,131,533 	10,951,911 	21,675,166 	19,355,897 	1,483,685 	6,519,069 	3,947,770 	26,961 	312 	14 
2021.10.23	40,861,034 	36,073,582 	27,873 	11,131,591 	10,957,591 	21,722,183 	19,535,706 	1,484,192 	6,523,068 	4,096,093 	27,530 	328 	15 
2021.10.24	40,864,911 	36,090,593 	27,899 	11,131,596 	10,957,841 	21,725,184 	19,545,365 	1,484,720 	6,523,411 	4,102,667 	27,547 	337 	15 
2021.10.25	40,943,503 	36,524,323 	36,986 	11,131,814 	10,968,457 	21,794,998 	19,761,320 	1,485,935 	6,530,756 	4,308,611 	36,570 	398 	18 
2021.10.26	40,984,806 	36,806,120 	50,046 	11,132,078 	10,978,502 	21,827,558 	19,901,571 	1,487,217 	6,537,953 	4,438,830 	49,577 	451 	18 
2021.10.27	41,062,630 	37,065,052 	63,445 	11,132,298 	10,987,198 	21,897,173 	20,028,762 	1,488,269 	6,544,890 	4,560,823 	62,920 	505 	20 
2021.10.28	41,125,886 	37,689,399 	73,002 	11,132,623 	10,996,375 	21,951,327 	20,321,415 	1,489,289 	6,552,647 	4,882,320 	72,259 	723 	20 
2021.10.29	41,186,557 	38,392,184 	83,167 	11,132,886 	11,007,640 	21,999,898 	20,634,462 	1,490,687 	6,563,086 	5,259,395 	82,289 	854 	24 
2021.10.30	41,222,933 	38,750,972 	86,540 	11,132,949 	11,010,629 	22,030,285 	20,782,232 	1,491,195 	6,568,504 	5,466,916 	85,624 	892 	24 
2021.10.31	41,225,869 	38,772,345 	86,795 	11,132,954 	11,010,743 	22,032,438 	20,792,393 	1,491,474 	6,569,003 	5,477,735 	85,857 	913 	25 
2021.11.1	41,309,249 	38,891,939 	121,440 	11,133,097 	11,014,100 	22,104,384 	20,841,805 	1,492,059 	6,579,709 	5,543,975 	112,567 	8,803 	70 
2021.11.2	41,352,035 	38,979,861 	178,309 	11,133,298 	11,017,196 	22,138,496 	20,876,539 	1,492,513 	6,587,728 	5,593,613 	164,684 	13,496 	129 
2021.11.3	41,417,262 	39,056,290 	235,922 	11,133,553 	11,019,662 	22,196,223 	20,909,681 	1,493,170 	6,594,316 	5,633,777 	218,164 	17,569 	189 
2021.11.4	41,478,098 	39,181,016 	281,225 	11,133,757 	11,021,981 	22,249,870 	20,962,664 	1,493,933 	6,600,538 	5,702,438 	258,943 	22,011 	271 
2021.11.5	41,549,724 	39,343,887 	339,926 	11,133,954 	11,025,480 	22,312,177 	21,031,051 	1,494,578 	6,609,015 	5,792,778 	311,194 	28,347 	385 
2021.11.6	41,595,199 	39,406,922 	362,313 	11,133,972 	11,026,258 	22,353,904 	21,058,872 	1,494,761 	6,612,562 	5,827,031 	331,143 	30,768 	402 
2021.11.7	41,597,377 	39,411,305 	363,012 	11,133,973 	11,026,285 	22,355,723 	21,060,532 	1,494,868 	6,612,813 	5,829,620 	331,680 	30,917 	415 
2021.11.8	41,714,400 	39,575,550 	547,646 	11,134,054 	11,027,910 	22,462,272 	21,130,043 	1,495,535 	6,622,539 	5,922,062 	412,036 	134,727 	883 
2021.11.9	41,760,567 	39,701,944 	648,804 	11,134,123 	11,029,355 	22,500,524 	21,166,639 	1,495,966 	6,629,954 	6,009,984 	478,833 	168,742 	1,229 
2021.11.10	41,829,567 	39,809,592 	744,848 	11,134,185 	11,030,676 	22,563,057 	21,226,583 	1,496,495 	6,635,830 	6,055,838 	549,360 	193,444 	2,044 
2021.11.11	41,894,089 	39,918,611 	853,394 	11,134,254 	11,031,929 	22,620,915 	21,283,977 	1,496,945 	6,641,975 	6,105,760 	610,705 	239,732 	2,957 
2021.11.12	41,972,767 	40,068,375 	998,371 	11,134,303 	11,033,870 	22,691,848 	21,350,831 	1,497,463 	6,649,153 	6,186,211 	685,539 	308,902 	3,930 
2021.11.13	42,028,222 	40,169,626 	1,049,266 	11,134,307 	11,034,245 	22,743,974 	21,396,718 	1,497,597 	6,652,344 	6,241,066 	708,899 	336,353 	4,014 
2021.11.14	42,030,519 	40,172,973 	1,051,529 	11,134,308 	11,034,257 	22,745,723 	21,398,994 	1,497,644 	6,652,844 	6,242,078 	709,771 	337,551 	4,207 
2021.11.15	42,093,074 	40,261,974 	1,216,895 	11,134,344 	11,035,131 	22,800,852 	21,463,341 	1,497,986 	6,659,892 	6,265,516 	829,343 	382,667 	4,885 
2021.11.16	42,127,073 	40,309,704 	1,358,912 	11,134,361 	11,036,035 	22,829,049 	21,495,129 	1,498,428 	6,665,235 	6,280,112 	949,626 	403,481 	5,805 
2021.11.17	42,173,022 	40,376,619 	1,494,883 	11,134,371 	11,037,019 	22,870,257 	21,549,900 	1,498,887 	6,669,507 	6,290,813 	1,065,769 	422,105 	7,009 
2021.11.18	42,218,428 	40,437,306 	1,626,158 	11,134,431 	11,038,030 	22,912,324 	21,597,733 	1,499,232 	6,672,441 	6,302,311 	1,160,484 	457,607 	8,067 
2021.11.19	42,268,284 	40,515,152 	1,782,236 	11,134,476 	11,039,657 	22,957,933 	21,653,746 	1,499,639 	6,676,236 	6,322,110 	1,270,125 	502,836 	9,275 
2021.11.20	42,295,366 	40,554,182 	1,824,540 	11,134,478 	11,039,922 	22,983,338 	21,683,528 	1,499,734 	6,677,816 	6,330,998 	1,294,575 	520,612 	9,353 
2021.11.21	42,296,772 	40,556,350 	1,826,567 	11,134,478 	11,039,933 	22,984,588 	21,685,234 	1,499,786 	6,677,920 	6,331,397 	1,295,548 	521,593 	9,426 
2021.11.22	42,346,462 	40,644,660 	1,977,395 	11,134,491 	11,040,693 	23,030,116 	21,761,723 	1,500,074 	6,681,781 	6,342,170 	1,407,246 	560,219 	9,930 
2021.11.23	42,375,263 	40,688,915 	2,124,043 	11,134,501 	11,041,461 	23,055,804 	21,796,015 	1,500,379 	6,684,579 	6,351,060 	1,529,817 	583,485 	10,741 
2021.11.24	42,422,505 	40,750,772 	2,285,185 	11,134,525 	11,042,437 	23,100,146 	21,848,871 	1,500,693 	6,687,141 	6,358,771 	1,667,461 	606,144 	11,580 
2021.11.25	42,471,012 	40,818,441 	2,491,401 	11,134,546 	11,043,571 	23,145,944 	21,906,227 	1,500,979 	6,689,543 	6,367,664 	1,834,438 	644,611 	12,352 
2021.11.26	42,527,341 	40,906,432 	2,789,265 	11,134,624 	11,045,132 	23,198,544 	21,977,473 	1,501,296 	6,692,877 	6,382,531 	2,079,429 	696,617 	13,219 
2021.11.27	42,559,957 	40,952,408 	2,861,915 	11,134,625 	11,045,397 	23,229,692 	22,016,549 	1,501,366 	6,694,274 	6,389,096 	2,132,738 	715,876 	13,301 
2021.11.28	42,560,959 	40,954,222 	2,864,588 	11,134,625 	11,045,441 	23,230,581 	22,017,937 	1,501,405 	6,694,348 	6,389,439 	2,134,321 	716,784 	13,483 
2021.11.29	42,592,254 	41,060,694 	3,046,256 	11,134,688 	11,046,452 	23,258,576 	22,113,321 	1,501,610 	6,697,380 	6,399,311 	2,285,796 	746,614 	13,846 
2021.11.30	42,614,335 	41,109,998 	3,237,531 	11,134,754 	11,047,721 	23,277,610 	22,152,531 	1,501,919 	6,700,052 	6,407,827 	2,452,142 	770,852 	14,537 
2021.12.1	42,638,441 	41,176,161 	3,400,811 	11,134,763 	11,048,787 	23,299,682 	22,210,625 	1,502,113 	6,701,883 	6,414,636 	2,593,706 	792,184 	14,921 
2021.12.2	42,661,374 	41,237,428 	3,584,423 	11,134,775 	11,049,743 	23,320,558 	22,263,718 	1,502,280 	6,703,761 	6,421,687 	2,742,910 	826,166 	15,347 
2021.12.3	42,696,012 	41,328,856 	3,866,606 	11,134,782 	11,050,867 	23,351,220 	22,340,621 	1,502,591 	6,707,419 	6,434,777 	2,964,730 	885,947 	15,929 
2021.12.4	42,717,699 	41,382,122 	3,963,502 	11,134,782 	11,051,137 	23,370,894 	22,388,043 	1,502,650 	6,709,373 	6,440,292 	3,034,869 	912,689 	15,944 
2021.12.5	42,719,448 	41,384,128 	3,967,223 	11,134,782 	11,051,152 	23,372,392 	22,389,682 	1,502,682 	6,709,592 	6,440,612 	3,037,292 	913,857 	16,074 
2021.12.6	42,772,209 	41,450,656 	4,256,520 	11,134,789 	11,051,886 	23,419,613 	22,444,545 	1,502,945 	6,714,862 	6,451,280 	3,250,565 	989,612 	16,343 
2021.12.7	42,810,586 	41,493,191 	4,551,422 	11,134,789 	11,052,734 	23,453,740 	22,476,692 	1,503,187 	6,718,870 	6,460,578 	3,467,525 	1,067,177 	16,720 
2021.12.8	42,857,050 	41,545,385 	4,857,664 	11,134,789 	11,053,650 	23,496,074 	22,519,213 	1,503,516 	6,722,671 	6,469,006 	3,681,850 	1,158,452 	17,362 
2021.12.9	42,902,912 	41,600,913 	5,305,869 	11,134,790 	11,054,538 	23,538,414 	22,565,000 	1,503,856 	6,725,852 	6,477,519 	3,946,171 	1,341,855 	17,843 
2021.12.10	42,954,848 	41,676,524 	6,078,275 	11,134,799 	11,055,801 	23,585,968 	22,625,672 	1,504,248 	6,729,833 	6,490,803 	4,311,719 	1,748,078 	18,478 
2021.12.11	42,981,084 	41,711,222 	6,358,273 	11,134,799 	11,056,060 	23,610,324 	22,654,696 	1,504,314 	6,731,647 	6,496,152 	4,440,210 	1,899,561 	18,502 
2021.12.12	42,983,194 	41,712,712 	6,366,786 	11,134,799 	11,056,072 	23,612,232 	22,655,843 	1,504,314 	6,731,849 	6,496,483 	4,444,797 	1,903,487 	18,502 
2021.12.13	43,060,716 	41,776,065 	7,154,247 	11,134,801 	11,057,273 	23,682,741 	22,706,177 	1,504,669 	6,738,505 	6,507,946 	4,785,318 	2,350,028 	18,901 
2021.12.14	43,116,376 	41,820,253 	7,961,455 	11,134,801 	11,058,519 	23,733,075 	22,738,438 	1,504,925 	6,743,575 	6,518,371 	5,137,506 	2,804,692 	19,257 
2021.12.15	43,204,838 	41,878,501 	8,892,921 	11,134,803 	11,059,834 	23,817,597 	22,786,627 	1,505,268 	6,747,170 	6,526,772 	5,616,047 	3,257,053 	19,821 
2021.12.16	43,300,593 	41,939,065 	9,781,164 	11,134,803 	11,060,990 	23,909,421 	22,837,806 	1,505,602 	6,750,767 	6,534,667 	6,100,407 	3,660,463 	20,294 
